image_width: 240
image_height: 320
camera_name: camera_dd24
camera_matrix:
  rows: 3
  cols: 3
  data: [307.7379294605756, 0.0, 329.692367951685, 0.0, 314.9827773443905, 244.4605588877848, 0.0, 0.0, 1.0]
distortion_model: plumb_bob
distortion_coefficients:
  rows: 1
  cols: 5
  data: [-0.2565888993516047, 0.04481160508242147, -0.00505275149956019, 0.001308569367976665, 0.0]
rectification_matrix:
  rows: 3
  cols: 3
  data: [1, 0, 0, 0, 1, 0, 0, 0, 1]
projection_matrix:
  rows: 3
  cols: 4
  data: [210.1107940673828, 0.0, 327.2577820024981, 0.0, 0.0, 253.8408660888672, 239.9969353923052, 0.0, 0.0, 0.0, 1.0, 0.0]